#redshift: 0.859  Distance in Gpc: 5.489
#spectral index: 1.00  filling factor exponent: 0.40
#mean unshocked magnetic field: 0.04  ratio of electron to mag. energy: 0.2E+01
#cell radius (pc):  0.010
#Min. value of gamma_max:   1300.0  ratio of max. to min. values of gamma_max:   7.0
#gamma_min: 1200.0  upstream velocity:   0.99944c  shock angle:  5.000
#viewing angle:  0.300  opening angle:  0.800
#Dust temperature:  1200.  distance of center of dust torus from black hole: 1.5 pc
#radius of torus: 0.5 pc   Distance of shock from central engine: 10.00 pc
#Energy density of seed photons in plasma frame:    0.00000
#-Slope of PSD:   1.7     Area of Mach disk relative to other cell 1.00E+00
# freq(Hz)  flux density (Jy Hz) spectral index



Time =     1.94 days
  freq(Hz))  Ftot(Jy Hz)  sp. index    Fsynch         F(EC)    F(SSC-MD)
  1.0000E+10  2.0890E+02  0.0000E+00  2.0890E-05  0.0000E+00  0.0000E+00
  1.7783E+10  1.2019E+10 -3.0040E+01  6.7589E+02  0.0000E+00  0.0000E+00
  3.1623E+10  4.9641E+10 -1.4639E+00  1.5698E+03  0.0000E+00  0.0000E+00
  5.6234E+10  1.1987E+11 -5.3147E-01  2.1316E+03  0.0000E+00  0.0000E+00
  1.0000E+11  1.9194E+11  1.8215E-01  1.9194E+03  0.0000E+00  0.0000E+00
  1.7783E+11  2.6325E+11  4.5122E-01  1.4804E+03  0.0000E+00  0.0000E+00
  3.1623E+11  3.4908E+11  5.0975E-01  1.1039E+03  0.0000E+00  0.0000E+00
  5.6234E+11  4.5999E+11  5.2071E-01  8.1799E+02  0.0000E+00  0.0000E+00
  1.0000E+12  6.0862E+11  5.1363E-01  6.0861E+02  0.0000E+00  0.0000E+00
  1.7783E+12  7.8979E+11  5.4733E-01  4.4413E+02  0.0000E+00  0.0000E+00
  3.1623E+12  1.0221E+12  5.5203E-01  3.2322E+02  0.0000E+00  0.0000E+00
  5.6234E+12  1.2860E+12  6.0102E-01  2.2869E+02  0.0000E+00  0.0000E+00
  1.0000E+13  1.5764E+12  6.4631E-01  1.5764E+02  0.0000E+00  0.0000E+00
  1.7783E+13  1.8666E+12  7.0644E-01  1.0497E+02  0.0000E+00  0.0000E+00
  3.1623E+13  2.0489E+12  8.3812E-01  6.4793E+01  0.0000E+00  0.0000E+00
  5.6234E+13  2.1632E+12  9.0575E-01  3.8467E+01  0.0000E+00  0.0000E+00
  1.0000E+14  2.0636E+12  1.0819E+00  2.0636E+01  0.0000E+00  0.0000E+00
  1.7783E+14  1.8896E+12  1.1530E+00  1.0626E+01  0.0000E+00  0.0000E+00
  3.1623E+14  1.4552E+12  1.4539E+00  4.6017E+00  0.0000E+00  0.0000E+00
  5.6234E+14  8.2229E+11  1.9916E+00  1.4623E+00  0.0000E+00  0.0000E+00
  1.0000E+15  4.0272E+11  2.2401E+00  3.9776E-01  7.5494E+04  4.9623E+09
  1.7783E+15  2.0005E+11  2.2154E+00  1.0058E-01  2.6576E+05  2.1193E+10
  3.1623E+15  1.0266E+11  2.1591E+00  2.2166E-02  3.5538E+05  3.2562E+10
  5.6234E+15  7.1868E+10  1.6194E+00  4.0425E-03  4.7323E+05  4.9135E+10
  1.0000E+16  7.8696E+10  8.4235E-01  5.5511E-04  6.3044E+05  7.3144E+10
  1.7783E+16  1.0851E+11  4.4196E-01  4.6582E-05  8.4380E+05  1.0768E+11
  3.1623E+16  1.5715E+11  3.5660E-01  1.6670E-06  1.1180E+06  1.5710E+11
  5.6234E+16  2.2738E+11  3.5826E-01  1.3143E-08  1.5026E+06  2.2737E+11
  1.0000E+17  3.2667E+11  3.7054E-01  6.2179E-12  1.9890E+06  3.2667E+11
  1.7783E+17  4.6611E+11  3.8251E-01  0.0000E+00  2.6667E+06  4.6610E+11
  3.1623E+17  6.6002E+11  3.9570E-01  0.0000E+00  3.5490E+06  6.6002E+11
  5.6234E+17  9.2663E+11  4.1061E-01  0.0000E+00  4.7161E+06  9.2663E+11
  1.0000E+18  1.2880E+12  4.2802E-01  0.0000E+00  6.3355E+06  1.2880E+12
  1.7783E+18  1.7716E+12  4.4614E-01  0.0000E+00  8.3228E+06  1.7716E+12
  3.1623E+18  2.4131E+12  4.6314E-01  0.0000E+00  1.1214E+07  2.4131E+12
  5.6234E+18  3.2587E+12  4.7814E-01  0.0000E+00  1.4623E+07  3.2587E+12
  1.0000E+19  4.3701E+12  4.9021E-01  0.0000E+00  1.9202E+07  4.3701E+12
  1.7783E+19  5.8206E+12  5.0210E-01  0.0000E+00  2.4682E+07  5.8206E+12
  3.1623E+19  7.6986E+12  5.1423E-01  0.0000E+00  2.9742E+07  7.6986E+12
  5.6234E+19  1.0115E+13  5.2583E-01  0.0000E+00  3.5248E+07  1.0115E+13
  1.0000E+20  1.3201E+13  5.3744E-01  0.0000E+00  3.6073E+07  1.3201E+13
  1.7783E+20  1.7096E+13  5.5079E-01  0.0000E+00  3.8271E+07  1.7096E+13
  3.1623E+20  2.1958E+13  5.6524E-01  0.0000E+00  4.3724E+07  2.1958E+13
  5.6234E+20  2.7959E+13  5.8028E-01  0.0000E+00  3.5509E+07  2.7959E+13
  1.0000E+21  3.5289E+13  5.9551E-01  0.0000E+00  1.9943E+07  3.5289E+13
  1.7783E+21  4.4170E+13  6.1006E-01  0.0000E+00  9.3992E+06  4.4170E+13
  3.1623E+21  5.4844E+13  6.2397E-01  0.0000E+00  3.8875E+06  5.4844E+13
  5.6234E+21  6.7568E+13  6.3755E-01  0.0000E+00  1.3346E+06  6.7568E+13
  1.0000E+22  8.2583E+13  6.5141E-01  0.0000E+00  3.4033E+05  8.2583E+13
  1.7783E+22  9.9999E+13  6.6757E-01  0.0000E+00  4.8448E+04  9.9999E+13
  3.1623E+22  1.1987E+14  6.8518E-01  0.0000E+00  1.7172E+03  1.1987E+14
  5.6234E+22  1.4196E+14  7.0619E-01  0.0000E+00  0.0000E+00  1.4196E+14
  1.0000E+23  1.6576E+14  7.3066E-01  0.0000E+00  0.0000E+00  1.6576E+14
  1.7783E+23  1.9029E+14  7.6031E-01  0.0000E+00  0.0000E+00  1.9029E+14
  3.1623E+23  2.1390E+14  7.9680E-01  0.0000E+00  0.0000E+00  2.1390E+14
  5.6234E+23  2.3465E+14  8.3916E-01  0.0000E+00  0.0000E+00  2.3465E+14
  1.0000E+24  2.5035E+14  8.8747E-01  0.0000E+00  0.0000E+00  2.5035E+14
  1.7783E+24  2.5887E+14  9.4186E-01  0.0000E+00  0.0000E+00  2.5887E+14
  3.1623E+24  2.5798E+14  1.0060E+00  0.0000E+00  0.0000E+00  2.5798E+14
  5.6234E+24  2.4608E+14  1.0821E+00  0.0000E+00  0.0000E+00  2.4608E+14
  1.0000E+25  2.2325E+14  1.1691E+00  0.0000E+00  0.0000E+00  2.2325E+14
  1.7783E+25  1.9157E+14  1.2658E+00  0.0000E+00  0.0000E+00  1.9157E+14
  3.1623E+25  1.5467E+14  1.3718E+00  0.0000E+00  0.0000E+00  1.5467E+14
  5.6234E+25  1.1672E+14  1.4889E+00  0.0000E+00  0.0000E+00  1.1672E+14
  1.0000E+26  8.1638E+13  1.6211E+00  0.0000E+00  0.0000E+00  8.1638E+13
  1.7783E+26  5.2396E+13  1.7704E+00  0.0000E+00  0.0000E+00  5.2396E+13
  3.1623E+26  3.0551E+13  1.9371E+00  0.0000E+00  0.0000E+00  3.0551E+13
  5.6234E+26  1.5978E+13  2.1260E+00  0.0000E+00  0.0000E+00  1.5978E+13
